Log updated: 	02/03/2016 08:54:14
Media: 		C:\Users\Jeeb\AndroidApps\AndroidWorkPlace\FarsiAlifBa\app\src\main\res\raw\alif.mp3
Log file: 	C:\Users\Jeeb\AndroidApps\AndroidWorkPlace\FarsiAlifBa\app\src\main\res\raw\alif_loud.txt

Stream: 	Audio Stream:Master
Format: 	16-bit PCM data, 2 channels @ 48000 Hz
Algorithm: 	Surround processing turned: OFF

Loudness calculations:

              Pos.	     Time	Mom.(LUFS)	Short(LUFS)	Integ.(LUFS)	Dyn.(LU)

             288	00:00:00.006	-82.82		-91.57		-Inf.		  0.00
             576	00:00:00.012	-82.82		-91.57		-Inf.		  0.00
             864	00:00:00.018	-82.82		-91.57		-Inf.		  0.00
            1152	00:00:00.024	-82.82		-91.57		-Inf.		  0.00
            1440	00:00:00.030	-82.82		-91.57		-Inf.		  0.00
            1728	00:00:00.036	-82.82		-91.57		-Inf.		  0.00
            2016	00:00:00.042	-82.82		-91.57		-Inf.		  0.00
            2304	00:00:00.048	-82.82		-91.57		-Inf.		  0.00
            2592	00:00:00.054	-82.82		-91.57		-Inf.		  0.00
            2880	00:00:00.060	-82.82		-91.57		-Inf.		  0.00
            3168	00:00:00.066	-82.82		-91.57		-Inf.		  0.00
            3456	00:00:00.072	-82.82		-91.57		-Inf.		  0.00
            3744	00:00:00.078	-82.82		-91.57		-Inf.		  0.00
            4032	00:00:00.084	-82.82		-91.57		-Inf.		  0.00
            4320	00:00:00.090	-82.82		-91.57		-Inf.		  0.00
            4608	00:00:00.096	-82.82		-91.57		-Inf.		  0.00
            4896	00:00:00.102	-82.82		-91.57		-Inf.		  0.00
            5184	00:00:00.108	-34.91		-43.66		-34.90		 19.90
            5472	00:00:00.114	-34.91		-43.66		-34.90		 19.90
            5760	00:00:00.120	-34.91		-43.66		-34.90		 19.90
            6048	00:00:00.126	-34.91		-43.66		-34.90		 19.90
            6336	00:00:00.132	-34.91		-43.66		-34.90		 19.90
            6624	00:00:00.138	-34.91		-43.66		-34.90		 19.90
            6912	00:00:00.144	-34.91		-43.66		-34.90		 19.90
            7200	00:00:00.150	-34.91		-43.66		-34.90		 19.90
            7488	00:00:00.156	-34.91		-43.66		-34.90		 19.90
            7776	00:00:00.162	-34.91		-43.66		-34.90		 19.90
            8064	00:00:00.168	-34.91		-43.66		-34.90		 19.90
            8352	00:00:00.174	-34.91		-43.66		-34.90		 19.90
            8640	00:00:00.180	-34.91		-43.66		-34.90		 19.90
            8928	00:00:00.186	-34.91		-43.66		-34.90		 19.90
            9216	00:00:00.192	-34.91		-43.66		-34.90		 19.90
            9504	00:00:00.198	-34.91		-43.66		-34.90		 19.90
            9792	00:00:00.204	-34.91		-43.66		-34.90		 19.90
           10080	00:00:00.210	-33.21		-41.96		-33.97		 20.70
           10368	00:00:00.216	-33.21		-41.96		-33.97		 20.70
           10656	00:00:00.222	-33.21		-41.96		-33.97		 20.70
           10944	00:00:00.228	-33.21		-41.96		-33.97		 20.70
           11232	00:00:00.234	-33.21		-41.96		-33.97		 20.70
           11520	00:00:00.240	-33.21		-41.96		-33.97		 20.70

              Pos.	     Time	Mom.(LUFS)	Short(LUFS)	Integ.(LUFS)	Dyn.(LU)

           11808	00:00:00.246	-33.21		-41.96		-33.97		 20.70
           12096	00:00:00.252	-33.21		-41.96		-33.97		 20.70
           12384	00:00:00.258	-33.21		-41.96		-33.97		 20.70
           12672	00:00:00.264	-33.21		-41.96		-33.97		 20.70
           12960	00:00:00.270	-33.21		-41.96		-33.97		 20.70
           13248	00:00:00.276	-33.21		-41.96		-33.97		 20.70
           13536	00:00:00.282	-33.21		-41.96		-33.97		 20.70
           13824	00:00:00.288	-33.21		-41.96		-33.97		 20.70
           14112	00:00:00.294	-33.21		-41.96		-33.97		 20.70
           14400	00:00:00.300	-33.21		-41.96		-33.97		 20.70
           14688	00:00:00.306	-32.20		-40.95		-33.30		 21.10
           14976	00:00:00.312	-32.20		-40.95		-33.30		 21.10
           15264	00:00:00.318	-32.20		-40.95		-33.30		 21.10
           15552	00:00:00.324	-32.20		-40.95		-33.30		 21.10
           15840	00:00:00.330	-32.20		-40.95		-33.30		 21.10
           16128	00:00:00.336	-32.20		-40.95		-33.30		 21.10
           16416	00:00:00.342	-32.20		-40.95		-33.30		 21.10
           16704	00:00:00.348	-32.20		-40.95		-33.30		 21.10
           16992	00:00:00.354	-32.20		-40.95		-33.30		 21.10
           17280	00:00:00.360	-32.20		-40.95		-33.30		 21.10
           17568	00:00:00.366	-32.20		-40.95		-33.30		 21.10
           17856	00:00:00.372	-32.20		-40.95		-33.30		 21.10
           18144	00:00:00.378	-32.20		-40.95		-33.30		 21.10
           18432	00:00:00.384	-32.20		-40.95		-33.30		 21.10
           18720	00:00:00.390	-32.20		-40.95		-33.30		 21.10
           19008	00:00:00.396	-32.20		-40.95		-33.30		 21.10
           19296	00:00:00.402	-32.20		-40.95		-33.30		 21.10
           19584	00:00:00.408	-30.56		-39.31		-32.45		 21.80
           19872	00:00:00.414	-30.56		-39.31		-32.45		 21.80
           20160	00:00:00.420	-30.56		-39.31		-32.45		 21.80
           20448	00:00:00.426	-30.56		-39.31		-32.45		 21.80
           20736	00:00:00.432	-30.56		-39.31		-32.45		 21.80
           21024	00:00:00.438	-30.56		-39.31		-32.45		 21.80
           21312	00:00:00.444	-30.56		-39.31		-32.45		 21.80
           21600	00:00:00.450	-30.56		-39.31		-32.45		 21.80
           21888	00:00:00.456	-30.56		-39.31		-32.45		 21.80
           22176	00:00:00.462	-30.56		-39.31		-32.45		 21.80
           22464	00:00:00.468	-30.56		-39.31		-32.45		 21.80
           22752	00:00:00.474	-30.56		-39.31		-32.45		 21.80
           23040	00:00:00.480	-30.56		-39.31		-32.45		 21.80

              Pos.	     Time	Mom.(LUFS)	Short(LUFS)	Integ.(LUFS)	Dyn.(LU)

           23328	00:00:00.486	-30.56		-39.31		-32.45		 21.80
           23616	00:00:00.492	-30.56		-39.31		-32.45		 21.80
           23904	00:00:00.498	-30.56		-39.31		-32.45		 21.80
           24192	00:00:00.504	-30.56		-39.31		-32.45		 21.80
           24480	00:00:00.510	-31.88		-38.88		-32.33		  4.80
           24768	00:00:00.516	-31.88		-38.88		-32.33		  4.80
           25056	00:00:00.522	-31.88		-38.88		-32.33		  4.80
           25344	00:00:00.528	-31.88		-38.88		-32.33		  4.80
           25632	00:00:00.534	-31.88		-38.88		-32.33		  4.80
           25920	00:00:00.540	-31.88		-38.88		-32.33		  4.80
           26208	00:00:00.546	-31.88		-38.88		-32.33		  4.80
           26496	00:00:00.552	-31.88		-38.88		-32.33		  4.80
           26784	00:00:00.558	-31.88		-38.88		-32.33		  4.80
           27072	00:00:00.564	-31.88		-38.88		-32.33		  4.80
           27227	00:00:00.567	-31.88		-38.88		-32.33		  4.80


---------------------------
Results:

Mom. (max): 	-30.56 (LUFS) at 00:00:00.408
Short (max): 	-38.88 (LUFS) at 00:00:00.510
Integrated: 	-32.33 (LUFS)


