Log updated: 	02/03/2016 09:12:22
Media: 		C:\Users\Jeeb\AndroidApps\AndroidWorkPlace\FarsiAlifBa\app\src\main\res\raw\chaye.mp3
Log file: 	C:\Users\Jeeb\AndroidApps\AndroidWorkPlace\FarsiAlifBa\app\src\main\res\raw\chaye_loud.txt

Stream: 	Audio Stream:Master
Format: 	16-bit PCM data, 2 channels @ 48000 Hz
Algorithm: 	Surround processing turned: OFF

Loudness calculations:

              Pos.	     Time	Mom.(LUFS)	Short(LUFS)	Integ.(LUFS)	Dyn.(LU)

             288	00:00:00.006	-84.97		-93.72		-Inf.		  0.00
             576	00:00:00.012	-84.97		-93.72		-Inf.		  0.00
             864	00:00:00.018	-84.97		-93.72		-Inf.		  0.00
            1152	00:00:00.024	-84.97		-93.72		-Inf.		  0.00
            1440	00:00:00.030	-84.97		-93.72		-Inf.		  0.00
            1728	00:00:00.036	-84.97		-93.72		-Inf.		  0.00
            2016	00:00:00.042	-84.97		-93.72		-Inf.		  0.00
            2304	00:00:00.048	-84.97		-93.72		-Inf.		  0.00
            2592	00:00:00.054	-84.97		-93.72		-Inf.		  0.00
            2880	00:00:00.060	-84.97		-93.72		-Inf.		  0.00
            3168	00:00:00.066	-84.97		-93.72		-Inf.		  0.00
            3456	00:00:00.072	-84.97		-93.72		-Inf.		  0.00
            3744	00:00:00.078	-84.97		-93.72		-Inf.		  0.00
            4032	00:00:00.084	-84.97		-93.72		-Inf.		  0.00
            4320	00:00:00.090	-84.97		-93.72		-Inf.		  0.00
            4608	00:00:00.096	-84.97		-93.72		-Inf.		  0.00
            4896	00:00:00.102	-84.97		-93.72		-Inf.		  0.00
            5184	00:00:00.108	-41.33		-50.08		-41.30		 19.70
            5472	00:00:00.114	-41.33		-50.08		-41.30		 19.70
            5760	00:00:00.120	-41.33		-50.08		-41.30		 19.70
            6048	00:00:00.126	-41.33		-50.08		-41.30		 19.70
            6336	00:00:00.132	-41.33		-50.08		-41.30		 19.70
            6624	00:00:00.138	-41.33		-50.08		-41.30		 19.70
            6912	00:00:00.144	-41.33		-50.08		-41.30		 19.70
            7200	00:00:00.150	-41.33		-50.08		-41.30		 19.70
            7488	00:00:00.156	-41.33		-50.08		-41.30		 19.70
            7776	00:00:00.162	-41.33		-50.08		-41.30		 19.70
            8064	00:00:00.168	-41.33		-50.08		-41.30		 19.70
            8352	00:00:00.174	-41.33		-50.08		-41.30		 19.70
            8640	00:00:00.180	-41.33		-50.08		-41.30		 19.70
            8928	00:00:00.186	-41.33		-50.08		-41.30		 19.70
            9216	00:00:00.192	-41.33		-50.08		-41.30		 19.70
            9504	00:00:00.198	-41.33		-50.08		-41.30		 19.70
            9792	00:00:00.204	-41.33		-50.08		-41.30		 19.70
           10080	00:00:00.210	-32.93		-41.68		-35.32		 22.30
           10368	00:00:00.216	-32.93		-41.68		-35.32		 22.30
           10656	00:00:00.222	-32.93		-41.68		-35.32		 22.30
           10944	00:00:00.228	-32.93		-41.68		-35.32		 22.30
           11232	00:00:00.234	-32.93		-41.68		-35.32		 22.30
           11520	00:00:00.240	-32.93		-41.68		-35.32		 22.30

              Pos.	     Time	Mom.(LUFS)	Short(LUFS)	Integ.(LUFS)	Dyn.(LU)

           11808	00:00:00.246	-32.93		-41.68		-35.32		 22.30
           12096	00:00:00.252	-32.93		-41.68		-35.32		 22.30
           12384	00:00:00.258	-32.93		-41.68		-35.32		 22.30
           12672	00:00:00.264	-32.93		-41.68		-35.32		 22.30
           12960	00:00:00.270	-32.93		-41.68		-35.32		 22.30
           13248	00:00:00.276	-32.93		-41.68		-35.32		 22.30
           13536	00:00:00.282	-32.93		-41.68		-35.32		 22.30
           13824	00:00:00.288	-32.93		-41.68		-35.32		 22.30
           14112	00:00:00.294	-32.93		-41.68		-35.32		 22.30
           14400	00:00:00.300	-32.93		-41.68		-35.32		 22.30
           14688	00:00:00.306	-29.07		-37.82		-32.18		 23.00
           14976	00:00:00.312	-29.07		-37.82		-32.18		 23.00
           15264	00:00:00.318	-29.07		-37.82		-32.18		 23.00
           15552	00:00:00.324	-29.07		-37.82		-32.18		 23.00
           15840	00:00:00.330	-29.07		-37.82		-32.18		 23.00
           16128	00:00:00.336	-29.07		-37.82		-32.18		 23.00
           16416	00:00:00.342	-29.07		-37.82		-32.18		 23.00
           16704	00:00:00.348	-29.07		-37.82		-32.18		 23.00
           16992	00:00:00.354	-29.07		-37.82		-32.18		 23.00
           17280	00:00:00.360	-29.07		-37.82		-32.18		 23.00
           17568	00:00:00.366	-29.07		-37.82		-32.18		 23.00
           17856	00:00:00.372	-29.07		-37.82		-32.18		 23.00
           18144	00:00:00.378	-29.07		-37.82		-32.18		 23.00
           18432	00:00:00.384	-29.07		-37.82		-32.18		 23.00
           18720	00:00:00.390	-29.07		-37.82		-32.18		 23.00
           19008	00:00:00.396	-29.07		-37.82		-32.18		 23.00
           19296	00:00:00.402	-29.07		-37.82		-32.18		 23.00
           19584	00:00:00.408	-27.40		-36.15		-29.25		 22.90
           19872	00:00:00.414	-27.40		-36.15		-29.25		 22.90
           20160	00:00:00.420	-27.40		-36.15		-29.25		 22.90
           20448	00:00:00.426	-27.40		-36.15		-29.25		 22.90
           20736	00:00:00.432	-27.40		-36.15		-29.25		 22.90
           21024	00:00:00.438	-27.40		-36.15		-29.25		 22.90
           21312	00:00:00.444	-27.40		-36.15		-29.25		 22.90
           21600	00:00:00.450	-27.40		-36.15		-29.25		 22.90
           21888	00:00:00.456	-27.40		-36.15		-29.25		 22.90
           22176	00:00:00.462	-27.40		-36.15		-29.25		 22.90
           22464	00:00:00.468	-27.40		-36.15		-29.25		 22.90
           22752	00:00:00.474	-27.40		-36.15		-29.25		 22.90
           23040	00:00:00.480	-27.40		-36.15		-29.25		 22.90

              Pos.	     Time	Mom.(LUFS)	Short(LUFS)	Integ.(LUFS)	Dyn.(LU)

           23328	00:00:00.486	-27.40		-36.15		-29.25		 22.90
           23616	00:00:00.492	-27.40		-36.15		-29.25		 22.90
           23904	00:00:00.498	-27.40		-36.15		-29.25		 22.90
           24024	00:00:00.501	-27.40		-36.15		-29.25		 22.90


---------------------------
Results:

Mom. (max): 	-27.40 (LUFS) at 00:00:00.408
Short (max): 	-36.15 (LUFS) at 00:00:00.408
Integrated: 	-29.25 (LUFS)


