Log updated: 	02/03/2016 09:24:23
Media: 		C:\Users\Jeeb\AndroidApps\AndroidWorkPlace\FarsiAlifBa\app\src\main\res\raw\gaf.mp3
Log file: 	C:\Users\Jeeb\AndroidApps\AndroidWorkPlace\FarsiAlifBa\app\src\main\res\raw\gaf_loud.txt

Stream: 	Audio Stream:Master
Format: 	16-bit PCM data, 2 channels @ 48000 Hz
Algorithm: 	Surround processing turned: OFF

Loudness calculations:

              Pos.	     Time	Mom.(LUFS)	Short(LUFS)	Integ.(LUFS)	Dyn.(LU)

             288	00:00:00.006	-81.62		-90.38		-Inf.		  0.00
             576	00:00:00.012	-81.62		-90.38		-Inf.		  0.00
             864	00:00:00.018	-81.62		-90.38		-Inf.		  0.00
            1152	00:00:00.024	-81.62		-90.38		-Inf.		  0.00
            1440	00:00:00.030	-81.62		-90.38		-Inf.		  0.00
            1728	00:00:00.036	-81.62		-90.38		-Inf.		  0.00
            2016	00:00:00.042	-81.62		-90.38		-Inf.		  0.00
            2304	00:00:00.048	-81.62		-90.38		-Inf.		  0.00
            2592	00:00:00.054	-81.62		-90.38		-Inf.		  0.00
            2880	00:00:00.060	-81.62		-90.38		-Inf.		  0.00
            3168	00:00:00.066	-81.62		-90.38		-Inf.		  0.00
            3456	00:00:00.072	-81.62		-90.38		-Inf.		  0.00
            3744	00:00:00.078	-81.62		-90.38		-Inf.		  0.00
            4032	00:00:00.084	-81.62		-90.38		-Inf.		  0.00
            4320	00:00:00.090	-81.62		-90.38		-Inf.		  0.00
            4608	00:00:00.096	-81.62		-90.38		-Inf.		  0.00
            4896	00:00:00.102	-81.62		-90.38		-Inf.		  0.00
            5184	00:00:00.108	-35.86		-44.61		-35.90		 19.90
            5472	00:00:00.114	-35.86		-44.61		-35.90		 19.90
            5760	00:00:00.120	-35.86		-44.61		-35.90		 19.90
            6048	00:00:00.126	-35.86		-44.61		-35.90		 19.90
            6336	00:00:00.132	-35.86		-44.61		-35.90		 19.90
            6624	00:00:00.138	-35.86		-44.61		-35.90		 19.90
            6912	00:00:00.144	-35.86		-44.61		-35.90		 19.90
            7200	00:00:00.150	-35.86		-44.61		-35.90		 19.90
            7488	00:00:00.156	-35.86		-44.61		-35.90		 19.90
            7776	00:00:00.162	-35.86		-44.61		-35.90		 19.90
            8064	00:00:00.168	-35.86		-44.61		-35.90		 19.90
            8352	00:00:00.174	-35.86		-44.61		-35.90		 19.90
            8640	00:00:00.180	-35.86		-44.61		-35.90		 19.90
            8928	00:00:00.186	-35.86		-44.61		-35.90		 19.90
            9216	00:00:00.192	-35.86		-44.61		-35.90		 19.90
            9504	00:00:00.198	-35.86		-44.61		-35.90		 19.90
            9792	00:00:00.204	-35.86		-44.61		-35.90		 19.90
           10080	00:00:00.210	-22.24		-30.99		-22.20		 22.70
           10368	00:00:00.216	-22.24		-30.99		-22.20		 22.70
           10656	00:00:00.222	-22.24		-30.99		-22.20		 22.70
           10944	00:00:00.228	-22.24		-30.99		-22.20		 22.70
           11232	00:00:00.234	-22.24		-30.99		-22.20		 22.70
           11520	00:00:00.240	-22.24		-30.99		-22.20		 22.70

              Pos.	     Time	Mom.(LUFS)	Short(LUFS)	Integ.(LUFS)	Dyn.(LU)

           11808	00:00:00.246	-22.24		-30.99		-22.20		 22.70
           12096	00:00:00.252	-22.24		-30.99		-22.20		 22.70
           12384	00:00:00.258	-22.24		-30.99		-22.20		 22.70
           12672	00:00:00.264	-22.24		-30.99		-22.20		 22.70
           12960	00:00:00.270	-22.24		-30.99		-22.20		 22.70
           13248	00:00:00.276	-22.24		-30.99		-22.20		 22.70
           13536	00:00:00.282	-22.24		-30.99		-22.20		 22.70
           13824	00:00:00.288	-22.24		-30.99		-22.20		 22.70
           14112	00:00:00.294	-22.24		-30.99		-22.20		 22.70
           14400	00:00:00.300	-22.24		-30.99		-22.20		 22.70
           14688	00:00:00.306	-17.21		-25.96		-19.02		 23.40
           14976	00:00:00.312	-17.21		-25.96		-19.02		 23.40
           15264	00:00:00.318	-17.21		-25.96		-19.02		 23.40
           15552	00:00:00.324	-17.21		-25.96		-19.02		 23.40
           15840	00:00:00.330	-17.21		-25.96		-19.02		 23.40
           16128	00:00:00.336	-17.21		-25.96		-19.02		 23.40
           16416	00:00:00.342	-17.21		-25.96		-19.02		 23.40
           16704	00:00:00.348	-17.21		-25.96		-19.02		 23.40
           16992	00:00:00.354	-17.21		-25.96		-19.02		 23.40
           17280	00:00:00.360	-17.21		-25.96		-19.02		 23.40
           17568	00:00:00.366	-17.21		-25.96		-19.02		 23.40
           17856	00:00:00.372	-17.21		-25.96		-19.02		 23.40
           18144	00:00:00.378	-17.21		-25.96		-19.02		 23.40
           18432	00:00:00.384	-17.21		-25.96		-19.02		 23.40
           18720	00:00:00.390	-17.21		-25.96		-19.02		 23.40
           19008	00:00:00.396	-17.21		-25.96		-19.02		 23.40
           19296	00:00:00.402	-17.21		-25.96		-19.02		 23.40
           19584	00:00:00.408	-16.54		-25.29		-18.01		 22.60
           19872	00:00:00.414	-16.54		-25.29		-18.01		 22.60
           20160	00:00:00.420	-16.54		-25.29		-18.01		 22.60
           20448	00:00:00.426	-16.54		-25.29		-18.01		 22.60
           20736	00:00:00.432	-16.54		-25.29		-18.01		 22.60
           21024	00:00:00.438	-16.54		-25.29		-18.01		 22.60
           21312	00:00:00.444	-16.54		-25.29		-18.01		 22.60
           21600	00:00:00.450	-16.54		-25.29		-18.01		 22.60
           21888	00:00:00.456	-16.54		-25.29		-18.01		 22.60
           22176	00:00:00.462	-16.54		-25.29		-18.01		 22.60
           22464	00:00:00.468	-16.54		-25.29		-18.01		 22.60
           22752	00:00:00.474	-16.54		-25.29		-18.01		 22.60
           23040	00:00:00.480	-16.54		-25.29		-18.01		 22.60

              Pos.	     Time	Mom.(LUFS)	Short(LUFS)	Integ.(LUFS)	Dyn.(LU)

           23328	00:00:00.486	-16.54		-25.29		-18.01		 22.60
           23616	00:00:00.492	-16.54		-25.29		-18.01		 22.60
           23904	00:00:00.498	-16.54		-25.29		-18.01		 22.60
           24192	00:00:00.504	-16.54		-25.29		-18.01		 22.60
           24480	00:00:00.510	-16.59		-25.29		-17.61		 19.30
           24768	00:00:00.516	-16.59		-25.29		-17.61		 19.30
           25056	00:00:00.522	-16.59		-25.29		-17.61		 19.30
           25344	00:00:00.528	-16.59		-25.29		-17.61		 19.30
           25626	00:00:00.534	-16.59		-25.29		-17.61		 19.30


---------------------------
Results:

Mom. (max): 	-16.54 (LUFS) at 00:00:00.408
Short (max): 	-25.29 (LUFS) at 00:00:00.510
Integrated: 	-17.61 (LUFS)


