Log updated: 	02/03/2016 09:27:04
Media: 		C:\Users\Jeeb\AndroidApps\AndroidWorkPlace\FarsiAlifBa\app\src\main\res\raw\hamza.mp3
Log file: 	C:\Users\Jeeb\AndroidApps\AndroidWorkPlace\FarsiAlifBa\app\src\main\res\raw\hamza_loud.txt

Stream: 	Audio Stream:Master
Format: 	16-bit PCM data, 2 channels @ 48000 Hz
Algorithm: 	Surround processing turned: OFF

Loudness calculations:

              Pos.	     Time	Mom.(LUFS)	Short(LUFS)	Integ.(LUFS)	Dyn.(LU)

             288	00:00:00.006	-75.75		-84.50		-Inf.		  0.00
             576	00:00:00.012	-75.75		-84.50		-Inf.		  0.00
             864	00:00:00.018	-75.75		-84.50		-Inf.		  0.00
            1152	00:00:00.024	-75.75		-84.50		-Inf.		  0.00
            1440	00:00:00.030	-75.75		-84.50		-Inf.		  0.00
            1728	00:00:00.036	-75.75		-84.50		-Inf.		  0.00
            2016	00:00:00.042	-75.75		-84.50		-Inf.		  0.00
            2304	00:00:00.048	-75.75		-84.50		-Inf.		  0.00
            2592	00:00:00.054	-75.75		-84.50		-Inf.		  0.00
            2880	00:00:00.060	-75.75		-84.50		-Inf.		  0.00
            3168	00:00:00.066	-75.75		-84.50		-Inf.		  0.00
            3456	00:00:00.072	-75.75		-84.50		-Inf.		  0.00
            3744	00:00:00.078	-75.75		-84.50		-Inf.		  0.00
            4032	00:00:00.084	-75.75		-84.50		-Inf.		  0.00
            4320	00:00:00.090	-75.75		-84.50		-Inf.		  0.00
            4608	00:00:00.096	-75.75		-84.50		-Inf.		  0.00
            4896	00:00:00.102	-75.75		-84.50		-Inf.		  0.00
            5184	00:00:00.108	-33.30		-42.05		-33.30		 19.90
            5472	00:00:00.114	-33.30		-42.05		-33.30		 19.90
            5760	00:00:00.120	-33.30		-42.05		-33.30		 19.90
            6048	00:00:00.126	-33.30		-42.05		-33.30		 19.90
            6336	00:00:00.132	-33.30		-42.05		-33.30		 19.90
            6624	00:00:00.138	-33.30		-42.05		-33.30		 19.90
            6912	00:00:00.144	-33.30		-42.05		-33.30		 19.90
            7200	00:00:00.150	-33.30		-42.05		-33.30		 19.90
            7488	00:00:00.156	-33.30		-42.05		-33.30		 19.90
            7776	00:00:00.162	-33.30		-42.05		-33.30		 19.90
            8064	00:00:00.168	-33.30		-42.05		-33.30		 19.90
            8352	00:00:00.174	-33.30		-42.05		-33.30		 19.90
            8640	00:00:00.180	-33.30		-42.05		-33.30		 19.90
            8928	00:00:00.186	-33.30		-42.05		-33.30		 19.90
            9216	00:00:00.192	-33.30		-42.05		-33.30		 19.90
            9504	00:00:00.198	-33.30		-42.05		-33.30		 19.90
            9792	00:00:00.204	-33.30		-42.05		-33.30		 19.90
           10080	00:00:00.210	-30.94		-39.69		-31.94		 20.90
           10368	00:00:00.216	-30.94		-39.69		-31.94		 20.90
           10656	00:00:00.222	-30.94		-39.69		-31.94		 20.90
           10944	00:00:00.228	-30.94		-39.69		-31.94		 20.90
           11232	00:00:00.234	-30.94		-39.69		-31.94		 20.90
           11520	00:00:00.240	-30.94		-39.69		-31.94		 20.90

              Pos.	     Time	Mom.(LUFS)	Short(LUFS)	Integ.(LUFS)	Dyn.(LU)

           11808	00:00:00.246	-30.94		-39.69		-31.94		 20.90
           12096	00:00:00.252	-30.94		-39.69		-31.94		 20.90
           12384	00:00:00.258	-30.94		-39.69		-31.94		 20.90
           12672	00:00:00.264	-30.94		-39.69		-31.94		 20.90
           12960	00:00:00.270	-30.94		-39.69		-31.94		 20.90
           13248	00:00:00.276	-30.94		-39.69		-31.94		 20.90
           13536	00:00:00.282	-30.94		-39.69		-31.94		 20.90
           13824	00:00:00.288	-30.94		-39.69		-31.94		 20.90
           14112	00:00:00.294	-30.94		-39.69		-31.94		 20.90
           14400	00:00:00.300	-30.94		-39.69		-31.94		 20.90
           14688	00:00:00.306	-29.93		-38.68		-31.15		 21.10
           14976	00:00:00.312	-29.93		-38.68		-31.15		 21.10
           15264	00:00:00.318	-29.93		-38.68		-31.15		 21.10
           15552	00:00:00.324	-29.93		-38.68		-31.15		 21.10
           15840	00:00:00.330	-29.93		-38.68		-31.15		 21.10
           16128	00:00:00.336	-29.93		-38.68		-31.15		 21.10
           16416	00:00:00.342	-29.93		-38.68		-31.15		 21.10
           16704	00:00:00.348	-29.93		-38.68		-31.15		 21.10
           16992	00:00:00.354	-29.93		-38.68		-31.15		 21.10
           17280	00:00:00.360	-29.93		-38.68		-31.15		 21.10
           17568	00:00:00.366	-29.93		-38.68		-31.15		 21.10
           17856	00:00:00.372	-29.93		-38.68		-31.15		 21.10
           18144	00:00:00.378	-29.93		-38.68		-31.15		 21.10
           18432	00:00:00.384	-29.93		-38.68		-31.15		 21.10
           18720	00:00:00.390	-29.93		-38.68		-31.15		 21.10
           19008	00:00:00.396	-29.93		-38.68		-31.15		 21.10
           19296	00:00:00.402	-29.93		-38.68		-31.15		 21.10
           19584	00:00:00.408	-24.46		-33.21		-28.35		 23.80
           19872	00:00:00.414	-24.46		-33.21		-28.35		 23.80
           20160	00:00:00.420	-24.46		-33.21		-28.35		 23.80
           20448	00:00:00.426	-24.46		-33.21		-28.35		 23.80
           20736	00:00:00.432	-24.46		-33.21		-28.35		 23.80
           21024	00:00:00.438	-24.46		-33.21		-28.35		 23.80
           21312	00:00:00.444	-24.46		-33.21		-28.35		 23.80
           21600	00:00:00.450	-24.46		-33.21		-28.35		 23.80
           21888	00:00:00.456	-24.46		-33.21		-28.35		 23.80
           22176	00:00:00.462	-24.46		-33.21		-28.35		 23.80
           22464	00:00:00.468	-24.46		-33.21		-28.35		 23.80
           22752	00:00:00.474	-24.46		-33.21		-28.35		 23.80
           23040	00:00:00.480	-24.46		-33.21		-28.35		 23.80

              Pos.	     Time	Mom.(LUFS)	Short(LUFS)	Integ.(LUFS)	Dyn.(LU)

           23328	00:00:00.486	-24.46		-33.21		-28.35		 23.80
           23616	00:00:00.492	-24.46		-33.21		-28.35		 23.80
           23904	00:00:00.498	-24.46		-33.21		-28.35		 23.80
           24192	00:00:00.504	-24.46		-33.21		-28.35		 23.80
           24480	00:00:00.510	-20.24		-28.78		-25.11		 13.20
           24768	00:00:00.516	-20.24		-28.78		-25.11		 13.20
           25056	00:00:00.522	-20.24		-28.78		-25.11		 13.20
           25344	00:00:00.528	-20.24		-28.78		-25.11		 13.20
           25632	00:00:00.534	-20.24		-28.78		-25.11		 13.20
           25920	00:00:00.540	-20.24		-28.78		-25.11		 13.20
           26208	00:00:00.546	-20.24		-28.78		-25.11		 13.20
           26496	00:00:00.552	-20.24		-28.78		-25.11		 13.20
           26784	00:00:00.558	-20.24		-28.78		-25.11		 13.20
           27072	00:00:00.564	-20.24		-28.78		-25.11		 13.20
           27360	00:00:00.570	-20.24		-28.78		-25.11		 13.20
           27648	00:00:00.576	-20.24		-28.78		-25.11		 13.20
           27936	00:00:00.582	-20.24		-28.78		-25.11		 13.20
           28224	00:00:00.588	-20.24		-28.78		-25.11		 13.20
           28512	00:00:00.594	-20.24		-28.78		-25.11		 13.20
           28800	00:00:00.600	-20.24		-28.78		-25.11		 13.20
           29088	00:00:00.606	-19.51		-27.96		-23.53		 14.00
           29376	00:00:00.612	-19.51		-27.96		-23.53		 14.00
           29664	00:00:00.618	-19.51		-27.96		-23.53		 14.00
           29952	00:00:00.624	-19.51		-27.96		-23.53		 14.00
           30240	00:00:00.630	-19.51		-27.96		-23.53		 14.00
           30528	00:00:00.636	-19.51		-27.96		-23.53		 14.00
           30816	00:00:00.642	-19.51		-27.96		-23.53		 14.00
           31104	00:00:00.648	-19.51		-27.96		-23.53		 14.00
           31392	00:00:00.654	-19.51		-27.96		-23.53		 14.00
           31680	00:00:00.660	-19.51		-27.96		-23.53		 14.00
           31968	00:00:00.666	-19.51		-27.96		-23.53		 14.00
           32256	00:00:00.672	-19.51		-27.96		-23.53		 14.00
           32544	00:00:00.678	-19.51		-27.96		-23.53		 14.00
           32832	00:00:00.684	-19.51		-27.96		-23.53		 14.00
           33120	00:00:00.690	-19.51		-27.96		-23.53		 14.00
           33408	00:00:00.696	-19.51		-27.96		-23.53		 14.00
           33696	00:00:00.702	-19.51		-27.96		-23.53		 14.00
           33984	00:00:00.708	-19.58		-27.95		-22.09		 14.10
           34272	00:00:00.714	-19.58		-27.95		-22.09		 14.10
           34560	00:00:00.720	-19.58		-27.95		-22.09		 14.10

              Pos.	     Time	Mom.(LUFS)	Short(LUFS)	Integ.(LUFS)	Dyn.(LU)

           34848	00:00:00.726	-19.58		-27.95		-22.09		 14.10
           35136	00:00:00.732	-19.58		-27.95		-22.09		 14.10
           35235	00:00:00.734	-19.58		-27.95		-22.09		 14.10


---------------------------
Results:

Mom. (max): 	-19.51 (LUFS) at 00:00:00.606
Short (max): 	-27.95 (LUFS) at 00:00:00.708
Integrated: 	-22.09 (LUFS)


