Log updated: 	02/03/2016 09:23:56
Media: 		C:\Users\Jeeb\AndroidApps\AndroidWorkPlace\FarsiAlifBa\app\src\main\res\raw\kaf.mp3
Log file: 	C:\Users\Jeeb\AndroidApps\AndroidWorkPlace\FarsiAlifBa\app\src\main\res\raw\kaf_loud.txt

Stream: 	Audio Stream:Master
Format: 	16-bit PCM data, 2 channels @ 48000 Hz
Algorithm: 	Surround processing turned: OFF

Loudness calculations:

              Pos.	     Time	Mom.(LUFS)	Short(LUFS)	Integ.(LUFS)	Dyn.(LU)

             288	00:00:00.006	-87.79		-96.55		-Inf.		  0.00
             576	00:00:00.012	-87.79		-96.55		-Inf.		  0.00
             864	00:00:00.018	-87.79		-96.55		-Inf.		  0.00
            1152	00:00:00.024	-87.79		-96.55		-Inf.		  0.00
            1440	00:00:00.030	-87.79		-96.55		-Inf.		  0.00
            1728	00:00:00.036	-87.79		-96.55		-Inf.		  0.00
            2016	00:00:00.042	-87.79		-96.55		-Inf.		  0.00
            2304	00:00:00.048	-87.79		-96.55		-Inf.		  0.00
            2592	00:00:00.054	-87.79		-96.55		-Inf.		  0.00
            2880	00:00:00.060	-87.79		-96.55		-Inf.		  0.00
            3168	00:00:00.066	-87.79		-96.55		-Inf.		  0.00
            3456	00:00:00.072	-87.79		-96.55		-Inf.		  0.00
            3744	00:00:00.078	-87.79		-96.55		-Inf.		  0.00
            4032	00:00:00.084	-87.79		-96.55		-Inf.		  0.00
            4320	00:00:00.090	-87.79		-96.55		-Inf.		  0.00
            4608	00:00:00.096	-87.79		-96.55		-Inf.		  0.00
            4896	00:00:00.102	-87.79		-96.55		-Inf.		  0.00
            5184	00:00:00.108	-43.91		-52.66		-43.90		 17.10
            5472	00:00:00.114	-43.91		-52.66		-43.90		 17.10
            5760	00:00:00.120	-43.91		-52.66		-43.90		 17.10
            6048	00:00:00.126	-43.91		-52.66		-43.90		 17.10
            6336	00:00:00.132	-43.91		-52.66		-43.90		 17.10
            6624	00:00:00.138	-43.91		-52.66		-43.90		 17.10
            6912	00:00:00.144	-43.91		-52.66		-43.90		 17.10
            7200	00:00:00.150	-43.91		-52.66		-43.90		 17.10
            7488	00:00:00.156	-43.91		-52.66		-43.90		 17.10
            7776	00:00:00.162	-43.91		-52.66		-43.90		 17.10
            8064	00:00:00.168	-43.91		-52.66		-43.90		 17.10
            8352	00:00:00.174	-43.91		-52.66		-43.90		 17.10
            8640	00:00:00.180	-43.91		-52.66		-43.90		 17.10
            8928	00:00:00.186	-43.91		-52.66		-43.90		 17.10
            9216	00:00:00.192	-43.91		-52.66		-43.90		 17.10
            9504	00:00:00.198	-43.91		-52.66		-43.90		 17.10
            9792	00:00:00.204	-43.91		-52.66		-43.90		 17.10
           10080	00:00:00.210	-22.51		-31.26		-22.50		 22.90
           10368	00:00:00.216	-22.51		-31.26		-22.50		 22.90
           10656	00:00:00.222	-22.51		-31.26		-22.50		 22.90
           10944	00:00:00.228	-22.51		-31.26		-22.50		 22.90
           11232	00:00:00.234	-22.51		-31.26		-22.50		 22.90
           11520	00:00:00.240	-22.51		-31.26		-22.50		 22.90

              Pos.	     Time	Mom.(LUFS)	Short(LUFS)	Integ.(LUFS)	Dyn.(LU)

           11808	00:00:00.246	-22.51		-31.26		-22.50		 22.90
           12096	00:00:00.252	-22.51		-31.26		-22.50		 22.90
           12384	00:00:00.258	-22.51		-31.26		-22.50		 22.90
           12672	00:00:00.264	-22.51		-31.26		-22.50		 22.90
           12960	00:00:00.270	-22.51		-31.26		-22.50		 22.90
           13248	00:00:00.276	-22.51		-31.26		-22.50		 22.90
           13536	00:00:00.282	-22.51		-31.26		-22.50		 22.90
           13824	00:00:00.288	-22.51		-31.26		-22.50		 22.90
           14112	00:00:00.294	-22.51		-31.26		-22.50		 22.90
           14400	00:00:00.300	-22.51		-31.26		-22.50		 22.90
           14688	00:00:00.306	-13.97		-22.72		-16.44		 24.10
           14976	00:00:00.312	-13.97		-22.72		-16.44		 24.10
           15264	00:00:00.318	-13.97		-22.72		-16.44		 24.10
           15552	00:00:00.324	-13.97		-22.72		-16.44		 24.10
           15840	00:00:00.330	-13.97		-22.72		-16.44		 24.10
           16128	00:00:00.336	-13.97		-22.72		-16.44		 24.10
           16416	00:00:00.342	-13.97		-22.72		-16.44		 24.10
           16704	00:00:00.348	-13.97		-22.72		-16.44		 24.10
           16992	00:00:00.354	-13.97		-22.72		-16.44		 24.10
           17280	00:00:00.360	-13.97		-22.72		-16.44		 24.10
           17568	00:00:00.366	-13.97		-22.72		-16.44		 24.10
           17856	00:00:00.372	-13.97		-22.72		-16.44		 24.10
           18144	00:00:00.378	-13.97		-22.72		-16.44		 24.10
           18432	00:00:00.384	-13.97		-22.72		-16.44		 24.10
           18720	00:00:00.390	-13.97		-22.72		-16.44		 24.10
           19008	00:00:00.396	-13.97		-22.72		-16.44		 24.10
           19296	00:00:00.402	-13.97		-22.72		-16.44		 24.10
           19584	00:00:00.408	 -9.94		-18.69		-13.08		 24.30
           19872	00:00:00.414	 -9.94		-18.69		-13.08		 24.30
           20160	00:00:00.420	 -9.94		-18.69		-13.08		 24.30
           20448	00:00:00.426	 -9.94		-18.69		-13.08		 24.30
           20736	00:00:00.432	 -9.94		-18.69		-13.08		 24.30
           21024	00:00:00.438	 -9.94		-18.69		-13.08		 24.30
           21312	00:00:00.444	 -9.94		-18.69		-13.08		 24.30
           21600	00:00:00.450	 -9.94		-18.69		-13.08		 24.30
           21888	00:00:00.456	 -9.94		-18.69		-13.08		 24.30
           22176	00:00:00.462	 -9.94		-18.69		-13.08		 24.30
           22464	00:00:00.468	 -9.94		-18.69		-13.08		 24.30
           22752	00:00:00.474	 -9.94		-18.69		-13.08		 24.30
           23040	00:00:00.480	 -9.94		-18.69		-13.08		 24.30

              Pos.	     Time	Mom.(LUFS)	Short(LUFS)	Integ.(LUFS)	Dyn.(LU)

           23328	00:00:00.486	 -9.94		-18.69		-13.08		 24.30
           23616	00:00:00.492	 -9.94		-18.69		-13.08		 24.30
           23904	00:00:00.498	 -9.94		-18.69		-13.08		 24.30
           24192	00:00:00.504	 -9.94		-18.69		-13.08		 24.30
           24480	00:00:00.510	 -9.73		-18.48		-11.96		 23.10
           24768	00:00:00.516	 -9.73		-18.48		-11.96		 23.10
           25056	00:00:00.522	 -9.73		-18.48		-11.96		 23.10
           25344	00:00:00.528	 -9.73		-18.48		-11.96		 23.10
           25632	00:00:00.534	 -9.73		-18.48		-11.96		 23.10
           25920	00:00:00.540	 -9.73		-18.48		-11.96		 23.10
           26208	00:00:00.546	 -9.73		-18.48		-11.96		 23.10
           26496	00:00:00.552	 -9.73		-18.48		-11.96		 23.10
           26784	00:00:00.558	 -9.73		-18.48		-11.96		 23.10
           27072	00:00:00.564	 -9.73		-18.48		-11.96		 23.10
           27360	00:00:00.570	 -9.73		-18.48		-11.96		 23.10
           27648	00:00:00.576	 -9.73		-18.48		-11.96		 23.10
           27936	00:00:00.582	 -9.73		-18.48		-11.96		 23.10
           28224	00:00:00.588	 -9.73		-18.48		-11.96		 23.10
           28512	00:00:00.594	 -9.73		-18.48		-11.96		 23.10
           28800	00:00:00.600	 -9.73		-18.48		-11.96		 23.10
           28829	00:00:00.601	 -9.73		-18.48		-11.96		 23.10


---------------------------
Results:

Mom. (max): 	 -9.73 (LUFS) at 00:00:00.510
Short (max): 	-18.48 (LUFS) at 00:00:00.510
Integrated: 	-11.96 (LUFS)


