Log updated: 	02/03/2016 09:25:19
Media: 		C:\Users\Jeeb\AndroidApps\AndroidWorkPlace\FarsiAlifBa\app\src\main\res\raw\mim.mp3
Log file: 	C:\Users\Jeeb\AndroidApps\AndroidWorkPlace\FarsiAlifBa\app\src\main\res\raw\mim_loud.txt

Stream: 	Audio Stream:Master
Format: 	16-bit PCM data, 2 channels @ 48000 Hz
Algorithm: 	Surround processing turned: OFF

Loudness calculations:

              Pos.	     Time	Mom.(LUFS)	Short(LUFS)	Integ.(LUFS)	Dyn.(LU)

             288	00:00:00.006	-90.05		-98.80		-Inf.		  0.00
             576	00:00:00.012	-90.05		-98.80		-Inf.		  0.00
             864	00:00:00.018	-90.05		-98.80		-Inf.		  0.00
            1152	00:00:00.024	-90.05		-98.80		-Inf.		  0.00
            1440	00:00:00.030	-90.05		-98.80		-Inf.		  0.00
            1728	00:00:00.036	-90.05		-98.80		-Inf.		  0.00
            2016	00:00:00.042	-90.05		-98.80		-Inf.		  0.00
            2304	00:00:00.048	-90.05		-98.80		-Inf.		  0.00
            2592	00:00:00.054	-90.05		-98.80		-Inf.		  0.00
            2880	00:00:00.060	-90.05		-98.80		-Inf.		  0.00
            3168	00:00:00.066	-90.05		-98.80		-Inf.		  0.00
            3456	00:00:00.072	-90.05		-98.80		-Inf.		  0.00
            3744	00:00:00.078	-90.05		-98.80		-Inf.		  0.00
            4032	00:00:00.084	-90.05		-98.80		-Inf.		  0.00
            4320	00:00:00.090	-90.05		-98.80		-Inf.		  0.00
            4608	00:00:00.096	-90.05		-98.80		-Inf.		  0.00
            4896	00:00:00.102	-90.05		-98.80		-Inf.		  0.00
            5184	00:00:00.108	-41.70		-50.45		-41.70		 19.30
            5472	00:00:00.114	-41.70		-50.45		-41.70		 19.30
            5760	00:00:00.120	-41.70		-50.45		-41.70		 19.30
            6048	00:00:00.126	-41.70		-50.45		-41.70		 19.30
            6336	00:00:00.132	-41.70		-50.45		-41.70		 19.30
            6624	00:00:00.138	-41.70		-50.45		-41.70		 19.30
            6912	00:00:00.144	-41.70		-50.45		-41.70		 19.30
            7200	00:00:00.150	-41.70		-50.45		-41.70		 19.30
            7488	00:00:00.156	-41.70		-50.45		-41.70		 19.30
            7776	00:00:00.162	-41.70		-50.45		-41.70		 19.30
            8064	00:00:00.168	-41.70		-50.45		-41.70		 19.30
            8352	00:00:00.174	-41.70		-50.45		-41.70		 19.30
            8640	00:00:00.180	-41.70		-50.45		-41.70		 19.30
            8928	00:00:00.186	-41.70		-50.45		-41.70		 19.30
            9216	00:00:00.192	-41.70		-50.45		-41.70		 19.30
            9504	00:00:00.198	-41.70		-50.45		-41.70		 19.30
            9792	00:00:00.204	-41.70		-50.45		-41.70		 19.30
           10080	00:00:00.210	-30.69		-39.44		-33.38		 22.60
           10368	00:00:00.216	-30.69		-39.44		-33.38		 22.60
           10656	00:00:00.222	-30.69		-39.44		-33.38		 22.60
           10944	00:00:00.228	-30.69		-39.44		-33.38		 22.60
           11232	00:00:00.234	-30.69		-39.44		-33.38		 22.60
           11520	00:00:00.240	-30.69		-39.44		-33.38		 22.60

              Pos.	     Time	Mom.(LUFS)	Short(LUFS)	Integ.(LUFS)	Dyn.(LU)

           11808	00:00:00.246	-30.69		-39.44		-33.38		 22.60
           12096	00:00:00.252	-30.69		-39.44		-33.38		 22.60
           12384	00:00:00.258	-30.69		-39.44		-33.38		 22.60
           12672	00:00:00.264	-30.69		-39.44		-33.38		 22.60
           12960	00:00:00.270	-30.69		-39.44		-33.38		 22.60
           13248	00:00:00.276	-30.69		-39.44		-33.38		 22.60
           13536	00:00:00.282	-30.69		-39.44		-33.38		 22.60
           13824	00:00:00.288	-30.69		-39.44		-33.38		 22.60
           14112	00:00:00.294	-30.69		-39.44		-33.38		 22.60
           14400	00:00:00.300	-30.69		-39.44		-33.38		 22.60
           14688	00:00:00.306	-29.13		-37.88		-29.83		 22.20
           14976	00:00:00.312	-29.13		-37.88		-29.83		 22.20
           15264	00:00:00.318	-29.13		-37.88		-29.83		 22.20
           15552	00:00:00.324	-29.13		-37.88		-29.83		 22.20
           15840	00:00:00.330	-29.13		-37.88		-29.83		 22.20
           16128	00:00:00.336	-29.13		-37.88		-29.83		 22.20
           16416	00:00:00.342	-29.13		-37.88		-29.83		 22.20
           16704	00:00:00.348	-29.13		-37.88		-29.83		 22.20
           16992	00:00:00.354	-29.13		-37.88		-29.83		 22.20
           17280	00:00:00.360	-29.13		-37.88		-29.83		 22.20
           17568	00:00:00.366	-29.13		-37.88		-29.83		 22.20
           17856	00:00:00.372	-29.13		-37.88		-29.83		 22.20
           18144	00:00:00.378	-29.13		-37.88		-29.83		 22.20
           18432	00:00:00.384	-29.13		-37.88		-29.83		 22.20
           18720	00:00:00.390	-29.13		-37.88		-29.83		 22.20
           19008	00:00:00.396	-29.13		-37.88		-29.83		 22.20
           19296	00:00:00.402	-29.13		-37.88		-29.83		 22.20
           19584	00:00:00.408	-29.10		-37.86		-29.57		 21.50
           19872	00:00:00.414	-29.10		-37.86		-29.57		 21.50
           20160	00:00:00.420	-29.10		-37.86		-29.57		 21.50
           20448	00:00:00.426	-29.10		-37.86		-29.57		 21.50
           20736	00:00:00.432	-29.10		-37.86		-29.57		 21.50
           21024	00:00:00.438	-29.10		-37.86		-29.57		 21.50
           21312	00:00:00.444	-29.10		-37.86		-29.57		 21.50
           21600	00:00:00.450	-29.10		-37.86		-29.57		 21.50
           21888	00:00:00.456	-29.10		-37.86		-29.57		 21.50
           22176	00:00:00.462	-29.10		-37.86		-29.57		 21.50
           22422	00:00:00.467	-29.10		-37.86		-29.57		 21.50


---------------------------
Results:

Mom. (max): 	-29.10 (LUFS) at 00:00:00.408
Short (max): 	-37.86 (LUFS) at 00:00:00.408
Integrated: 	-29.57 (LUFS)


