Log updated: 	02/03/2016 09:10:36
Media: 		C:\Users\Jeeb\AndroidApps\AndroidWorkPlace\FarsiAlifBa\app\src\main\res\raw\saya.mp3
Log file: 	C:\Users\Jeeb\AndroidApps\AndroidWorkPlace\FarsiAlifBa\app\src\main\res\raw\saya_loud.txt

Stream: 	Audio Stream:Master
Format: 	16-bit PCM data, 2 channels @ 48000 Hz
Algorithm: 	Surround processing turned: OFF

Loudness calculations:

              Pos.	     Time	Mom.(LUFS)	Short(LUFS)	Integ.(LUFS)	Dyn.(LU)

             288	00:00:00.006	-65.31		-74.06		-65.30		  0.00
             576	00:00:00.012	-65.31		-74.06		-65.30		  0.00
             864	00:00:00.018	-65.31		-74.06		-65.30		  0.00
            1152	00:00:00.024	-65.31		-74.06		-65.30		  0.00
            1440	00:00:00.030	-65.31		-74.06		-65.30		  0.00
            1728	00:00:00.036	-65.31		-74.06		-65.30		  0.00
            2016	00:00:00.042	-65.31		-74.06		-65.30		  0.00
            2304	00:00:00.048	-65.31		-74.06		-65.30		  0.00
            2592	00:00:00.054	-65.31		-74.06		-65.30		  0.00
            2880	00:00:00.060	-65.31		-74.06		-65.30		  0.00
            3168	00:00:00.066	-65.31		-74.06		-65.30		  0.00
            3456	00:00:00.072	-65.31		-74.06		-65.30		  0.00
            3744	00:00:00.078	-65.31		-74.06		-65.30		  0.00
            4032	00:00:00.084	-65.31		-74.06		-65.30		  0.00
            4320	00:00:00.090	-65.31		-74.06		-65.30		  0.00
            4608	00:00:00.096	-65.31		-74.06		-65.30		  0.00
            4896	00:00:00.102	-65.31		-74.06		-65.30		  0.00
            5184	00:00:00.108	-32.83		-41.58		-32.80		 19.90
            5472	00:00:00.114	-32.83		-41.58		-32.80		 19.90
            5760	00:00:00.120	-32.83		-41.58		-32.80		 19.90
            6048	00:00:00.126	-32.83		-41.58		-32.80		 19.90
            6336	00:00:00.132	-32.83		-41.58		-32.80		 19.90
            6624	00:00:00.138	-32.83		-41.58		-32.80		 19.90
            6912	00:00:00.144	-32.83		-41.58		-32.80		 19.90
            7200	00:00:00.150	-32.83		-41.58		-32.80		 19.90
            7488	00:00:00.156	-32.83		-41.58		-32.80		 19.90
            7776	00:00:00.162	-32.83		-41.58		-32.80		 19.90
            8064	00:00:00.168	-32.83		-41.58		-32.80		 19.90
            8352	00:00:00.174	-32.83		-41.58		-32.80		 19.90
            8640	00:00:00.180	-32.83		-41.58		-32.80		 19.90
            8928	00:00:00.186	-32.83		-41.58		-32.80		 19.90
            9216	00:00:00.192	-32.83		-41.58		-32.80		 19.90
            9504	00:00:00.198	-32.83		-41.58		-32.80		 19.90
            9792	00:00:00.204	-32.83		-41.58		-32.80		 19.90
           10080	00:00:00.210	-20.76		-29.51		-23.54		 22.70
           10368	00:00:00.216	-20.76		-29.51		-23.54		 22.70
           10656	00:00:00.222	-20.76		-29.51		-23.54		 22.70
           10944	00:00:00.228	-20.76		-29.51		-23.54		 22.70
           11232	00:00:00.234	-20.76		-29.51		-23.54		 22.70
           11520	00:00:00.240	-20.76		-29.51		-23.54		 22.70

              Pos.	     Time	Mom.(LUFS)	Short(LUFS)	Integ.(LUFS)	Dyn.(LU)

           11808	00:00:00.246	-20.76		-29.51		-23.54		 22.70
           12096	00:00:00.252	-20.76		-29.51		-23.54		 22.70
           12384	00:00:00.258	-20.76		-29.51		-23.54		 22.70
           12672	00:00:00.264	-20.76		-29.51		-23.54		 22.70
           12960	00:00:00.270	-20.76		-29.51		-23.54		 22.70
           13248	00:00:00.276	-20.76		-29.51		-23.54		 22.70
           13536	00:00:00.282	-20.76		-29.51		-23.54		 22.70
           13824	00:00:00.288	-20.76		-29.51		-23.54		 22.70
           14112	00:00:00.294	-20.76		-29.51		-23.54		 22.70
           14400	00:00:00.300	-20.76		-29.51		-23.54		 22.70
           14688	00:00:00.306	-16.23		-24.98		-17.92		 23.30
           14976	00:00:00.312	-16.23		-24.98		-17.92		 23.30
           15264	00:00:00.318	-16.23		-24.98		-17.92		 23.30
           15552	00:00:00.324	-16.23		-24.98		-17.92		 23.30
           15840	00:00:00.330	-16.23		-24.98		-17.92		 23.30
           16128	00:00:00.336	-16.23		-24.98		-17.92		 23.30
           16416	00:00:00.342	-16.23		-24.98		-17.92		 23.30
           16704	00:00:00.348	-16.23		-24.98		-17.92		 23.30
           16992	00:00:00.354	-16.23		-24.98		-17.92		 23.30
           17280	00:00:00.360	-16.23		-24.98		-17.92		 23.30
           17568	00:00:00.366	-16.23		-24.98		-17.92		 23.30
           17856	00:00:00.372	-16.23		-24.98		-17.92		 23.30
           18144	00:00:00.378	-16.23		-24.98		-17.92		 23.30
           18432	00:00:00.384	-16.23		-24.98		-17.92		 23.30
           18720	00:00:00.390	-16.23		-24.98		-17.92		 23.30
           19008	00:00:00.396	-16.23		-24.98		-17.92		 23.30
           19296	00:00:00.402	-16.23		-24.98		-17.92		 23.30
           19584	00:00:00.408	-14.70		-23.45		-16.56		 23.00
           19872	00:00:00.414	-14.70		-23.45		-16.56		 23.00
           20160	00:00:00.420	-14.70		-23.45		-16.56		 23.00
           20448	00:00:00.426	-14.70		-23.45		-16.56		 23.00
           20736	00:00:00.432	-14.70		-23.45		-16.56		 23.00
           21024	00:00:00.438	-14.70		-23.45		-16.56		 23.00
           21312	00:00:00.444	-14.70		-23.45		-16.56		 23.00
           21600	00:00:00.450	-14.70		-23.45		-16.56		 23.00
           21888	00:00:00.456	-14.70		-23.45		-16.56		 23.00
           22176	00:00:00.462	-14.70		-23.45		-16.56		 23.00
           22464	00:00:00.468	-14.70		-23.45		-16.56		 23.00
           22752	00:00:00.474	-14.70		-23.45		-16.56		 23.00
           23040	00:00:00.480	-14.70		-23.45		-16.56		 23.00

              Pos.	     Time	Mom.(LUFS)	Short(LUFS)	Integ.(LUFS)	Dyn.(LU)

           23328	00:00:00.486	-14.70		-23.45		-16.56		 23.00
           23616	00:00:00.492	-14.70		-23.45		-16.56		 23.00
           23904	00:00:00.498	-14.70		-23.45		-16.56		 23.00
           24192	00:00:00.504	-14.70		-23.45		-16.56		 23.00
           24480	00:00:00.510	-14.70		-23.39		-16.02		 18.20
           24768	00:00:00.516	-14.70		-23.39		-16.02		 18.20
           25056	00:00:00.522	-14.70		-23.39		-16.02		 18.20
           25344	00:00:00.528	-14.70		-23.39		-16.02		 18.20
           25626	00:00:00.534	-14.70		-23.39		-16.02		 18.20


---------------------------
Results:

Mom. (max): 	-14.70 (LUFS) at 00:00:00.408
Short (max): 	-23.39 (LUFS) at 00:00:00.510
Integrated: 	-16.02 (LUFS)


