Log updated: 	02/03/2016 09:19:05
Media: 		C:\Users\Jeeb\AndroidApps\AndroidWorkPlace\FarsiAlifBa\app\src\main\res\raw\shin.mp3
Log file: 	C:\Users\Jeeb\AndroidApps\AndroidWorkPlace\FarsiAlifBa\app\src\main\res\raw\shin_loud.txt

Stream: 	Audio Stream:Master
Format: 	16-bit PCM data, 2 channels @ 48000 Hz
Algorithm: 	Surround processing turned: OFF

Loudness calculations:

              Pos.	     Time	Mom.(LUFS)	Short(LUFS)	Integ.(LUFS)	Dyn.(LU)

             288	00:00:00.006	-73.60		-82.35		-Inf.		  0.00
             576	00:00:00.012	-73.60		-82.35		-Inf.		  0.00
             864	00:00:00.018	-73.60		-82.35		-Inf.		  0.00
            1152	00:00:00.024	-73.60		-82.35		-Inf.		  0.00
            1440	00:00:00.030	-73.60		-82.35		-Inf.		  0.00
            1728	00:00:00.036	-73.60		-82.35		-Inf.		  0.00
            2016	00:00:00.042	-73.60		-82.35		-Inf.		  0.00
            2304	00:00:00.048	-73.60		-82.35		-Inf.		  0.00
            2592	00:00:00.054	-73.60		-82.35		-Inf.		  0.00
            2880	00:00:00.060	-73.60		-82.35		-Inf.		  0.00
            3168	00:00:00.066	-73.60		-82.35		-Inf.		  0.00
            3456	00:00:00.072	-73.60		-82.35		-Inf.		  0.00
            3744	00:00:00.078	-73.60		-82.35		-Inf.		  0.00
            4032	00:00:00.084	-73.60		-82.35		-Inf.		  0.00
            4320	00:00:00.090	-73.60		-82.35		-Inf.		  0.00
            4608	00:00:00.096	-73.60		-82.35		-Inf.		  0.00
            4896	00:00:00.102	-73.60		-82.35		-Inf.		  0.00
            5184	00:00:00.108	-38.57		-47.32		-38.60		 19.90
            5472	00:00:00.114	-38.57		-47.32		-38.60		 19.90
            5760	00:00:00.120	-38.57		-47.32		-38.60		 19.90
            6048	00:00:00.126	-38.57		-47.32		-38.60		 19.90
            6336	00:00:00.132	-38.57		-47.32		-38.60		 19.90
            6624	00:00:00.138	-38.57		-47.32		-38.60		 19.90
            6912	00:00:00.144	-38.57		-47.32		-38.60		 19.90
            7200	00:00:00.150	-38.57		-47.32		-38.60		 19.90
            7488	00:00:00.156	-38.57		-47.32		-38.60		 19.90
            7776	00:00:00.162	-38.57		-47.32		-38.60		 19.90
            8064	00:00:00.168	-38.57		-47.32		-38.60		 19.90
            8352	00:00:00.174	-38.57		-47.32		-38.60		 19.90
            8640	00:00:00.180	-38.57		-47.32		-38.60		 19.90
            8928	00:00:00.186	-38.57		-47.32		-38.60		 19.90
            9216	00:00:00.192	-38.57		-47.32		-38.60		 19.90
            9504	00:00:00.198	-38.57		-47.32		-38.60		 19.90
            9792	00:00:00.204	-38.57		-47.32		-38.60		 19.90
           10080	00:00:00.210	-30.84		-39.59		-33.14		 22.20
           10368	00:00:00.216	-30.84		-39.59		-33.14		 22.20
           10656	00:00:00.222	-30.84		-39.59		-33.14		 22.20
           10944	00:00:00.228	-30.84		-39.59		-33.14		 22.20
           11232	00:00:00.234	-30.84		-39.59		-33.14		 22.20
           11520	00:00:00.240	-30.84		-39.59		-33.14		 22.20

              Pos.	     Time	Mom.(LUFS)	Short(LUFS)	Integ.(LUFS)	Dyn.(LU)

           11808	00:00:00.246	-30.84		-39.59		-33.14		 22.20
           12096	00:00:00.252	-30.84		-39.59		-33.14		 22.20
           12384	00:00:00.258	-30.84		-39.59		-33.14		 22.20
           12672	00:00:00.264	-30.84		-39.59		-33.14		 22.20
           12960	00:00:00.270	-30.84		-39.59		-33.14		 22.20
           13248	00:00:00.276	-30.84		-39.59		-33.14		 22.20
           13536	00:00:00.282	-30.84		-39.59		-33.14		 22.20
           13824	00:00:00.288	-30.84		-39.59		-33.14		 22.20
           14112	00:00:00.294	-30.84		-39.59		-33.14		 22.20
           14400	00:00:00.300	-30.84		-39.59		-33.14		 22.20
           14688	00:00:00.306	-27.61		-36.36		-30.45		 22.70
           14976	00:00:00.312	-27.61		-36.36		-30.45		 22.70
           15264	00:00:00.318	-27.61		-36.36		-30.45		 22.70
           15552	00:00:00.324	-27.61		-36.36		-30.45		 22.70
           15840	00:00:00.330	-27.61		-36.36		-30.45		 22.70
           16128	00:00:00.336	-27.61		-36.36		-30.45		 22.70
           16416	00:00:00.342	-27.61		-36.36		-30.45		 22.70
           16704	00:00:00.348	-27.61		-36.36		-30.45		 22.70
           16992	00:00:00.354	-27.61		-36.36		-30.45		 22.70
           17280	00:00:00.360	-27.61		-36.36		-30.45		 22.70
           17568	00:00:00.366	-27.61		-36.36		-30.45		 22.70
           17856	00:00:00.372	-27.61		-36.36		-30.45		 22.70
           18144	00:00:00.378	-27.61		-36.36		-30.45		 22.70
           18432	00:00:00.384	-27.61		-36.36		-30.45		 22.70
           18720	00:00:00.390	-27.61		-36.36		-30.45		 22.70
           19008	00:00:00.396	-27.61		-36.36		-30.45		 22.70
           19296	00:00:00.402	-27.61		-36.36		-30.45		 22.70
           19584	00:00:00.408	-27.06		-35.81		-29.34		 22.20
           19872	00:00:00.414	-27.06		-35.81		-29.34		 22.20
           20160	00:00:00.420	-27.06		-35.81		-29.34		 22.20
           20448	00:00:00.426	-27.06		-35.81		-29.34		 22.20
           20736	00:00:00.432	-27.06		-35.81		-29.34		 22.20
           21024	00:00:00.438	-27.06		-35.81		-29.34		 22.20
           21312	00:00:00.444	-27.06		-35.81		-29.34		 22.20
           21600	00:00:00.450	-27.06		-35.81		-29.34		 22.20
           21888	00:00:00.456	-27.06		-35.81		-29.34		 22.20
           22176	00:00:00.462	-27.06		-35.81		-29.34		 22.20
           22464	00:00:00.468	-27.06		-35.81		-29.34		 22.20
           22752	00:00:00.474	-27.06		-35.81		-29.34		 22.20
           23040	00:00:00.480	-27.06		-35.81		-29.34		 22.20

              Pos.	     Time	Mom.(LUFS)	Short(LUFS)	Integ.(LUFS)	Dyn.(LU)

           23328	00:00:00.486	-27.06		-35.81		-29.34		 22.20
           23616	00:00:00.492	-27.06		-35.81		-29.34		 22.20
           23904	00:00:00.498	-27.06		-35.81		-29.34		 22.20
           24192	00:00:00.504	-27.06		-35.81		-29.34		 22.20
           24480	00:00:00.510	-27.22		-35.66		-28.82		 11.60
           24768	00:00:00.516	-27.22		-35.66		-28.82		 11.60
           25056	00:00:00.522	-27.22		-35.66		-28.82		 11.60
           25344	00:00:00.528	-27.22		-35.66		-28.82		 11.60
           25632	00:00:00.534	-27.22		-35.66		-28.82		 11.60
           25920	00:00:00.540	-27.22		-35.66		-28.82		 11.60
           26208	00:00:00.546	-27.22		-35.66		-28.82		 11.60
           26496	00:00:00.552	-27.22		-35.66		-28.82		 11.60
           26784	00:00:00.558	-27.22		-35.66		-28.82		 11.60
           27072	00:00:00.564	-27.22		-35.66		-28.82		 11.60
           27227	00:00:00.567	-27.22		-35.66		-28.82		 11.60


---------------------------
Results:

Mom. (max): 	-27.06 (LUFS) at 00:00:00.408
Short (max): 	-35.66 (LUFS) at 00:00:00.510
Integrated: 	-28.82 (LUFS)


