Log updated: 	02/03/2016 09:18:30
Media: 		C:\Users\Jeeb\AndroidApps\AndroidWorkPlace\FarsiAlifBa\app\src\main\res\raw\sin.mp3
Log file: 	C:\Users\Jeeb\AndroidApps\AndroidWorkPlace\FarsiAlifBa\app\src\main\res\raw\sin_loud.txt

Stream: 	Audio Stream:Master
Format: 	16-bit PCM data, 2 channels @ 48000 Hz
Algorithm: 	Surround processing turned: OFF

Loudness calculations:

              Pos.	     Time	Mom.(LUFS)	Short(LUFS)	Integ.(LUFS)	Dyn.(LU)

             288	00:00:00.006	-62.65		-71.40		-62.60		  0.00
             576	00:00:00.012	-62.65		-71.40		-62.60		  0.00
             864	00:00:00.018	-62.65		-71.40		-62.60		  0.00
            1152	00:00:00.024	-62.65		-71.40		-62.60		  0.00
            1440	00:00:00.030	-62.65		-71.40		-62.60		  0.00
            1728	00:00:00.036	-62.65		-71.40		-62.60		  0.00
            2016	00:00:00.042	-62.65		-71.40		-62.60		  0.00
            2304	00:00:00.048	-62.65		-71.40		-62.60		  0.00
            2592	00:00:00.054	-62.65		-71.40		-62.60		  0.00
            2880	00:00:00.060	-62.65		-71.40		-62.60		  0.00
            3168	00:00:00.066	-62.65		-71.40		-62.60		  0.00
            3456	00:00:00.072	-62.65		-71.40		-62.60		  0.00
            3744	00:00:00.078	-62.65		-71.40		-62.60		  0.00
            4032	00:00:00.084	-62.65		-71.40		-62.60		  0.00
            4320	00:00:00.090	-62.65		-71.40		-62.60		  0.00
            4608	00:00:00.096	-62.65		-71.40		-62.60		  0.00
            4896	00:00:00.102	-62.65		-71.40		-62.60		  0.00
            5184	00:00:00.108	-36.65		-45.40		-36.60		 19.90
            5472	00:00:00.114	-36.65		-45.40		-36.60		 19.90
            5760	00:00:00.120	-36.65		-45.40		-36.60		 19.90
            6048	00:00:00.126	-36.65		-45.40		-36.60		 19.90
            6336	00:00:00.132	-36.65		-45.40		-36.60		 19.90
            6624	00:00:00.138	-36.65		-45.40		-36.60		 19.90
            6912	00:00:00.144	-36.65		-45.40		-36.60		 19.90
            7200	00:00:00.150	-36.65		-45.40		-36.60		 19.90
            7488	00:00:00.156	-36.65		-45.40		-36.60		 19.90
            7776	00:00:00.162	-36.65		-45.40		-36.60		 19.90
            8064	00:00:00.168	-36.65		-45.40		-36.60		 19.90
            8352	00:00:00.174	-36.65		-45.40		-36.60		 19.90
            8640	00:00:00.180	-36.65		-45.40		-36.60		 19.90
            8928	00:00:00.186	-36.65		-45.40		-36.60		 19.90
            9216	00:00:00.192	-36.65		-45.40		-36.60		 19.90
            9504	00:00:00.198	-36.65		-45.40		-36.60		 19.90
            9792	00:00:00.204	-36.65		-45.40		-36.60		 19.90
           10080	00:00:00.210	-31.82		-40.57		-33.57		 21.70
           10368	00:00:00.216	-31.82		-40.57		-33.57		 21.70
           10656	00:00:00.222	-31.82		-40.57		-33.57		 21.70
           10944	00:00:00.228	-31.82		-40.57		-33.57		 21.70
           11232	00:00:00.234	-31.82		-40.57		-33.57		 21.70
           11520	00:00:00.240	-31.82		-40.57		-33.57		 21.70

              Pos.	     Time	Mom.(LUFS)	Short(LUFS)	Integ.(LUFS)	Dyn.(LU)

           11808	00:00:00.246	-31.82		-40.57		-33.57		 21.70
           12096	00:00:00.252	-31.82		-40.57		-33.57		 21.70
           12384	00:00:00.258	-31.82		-40.57		-33.57		 21.70
           12672	00:00:00.264	-31.82		-40.57		-33.57		 21.70
           12960	00:00:00.270	-31.82		-40.57		-33.57		 21.70
           13248	00:00:00.276	-31.82		-40.57		-33.57		 21.70
           13536	00:00:00.282	-31.82		-40.57		-33.57		 21.70
           13824	00:00:00.288	-31.82		-40.57		-33.57		 21.70
           14112	00:00:00.294	-31.82		-40.57		-33.57		 21.70
           14400	00:00:00.300	-31.82		-40.57		-33.57		 21.70
           14688	00:00:00.306	-30.93		-39.69		-32.49		 21.50
           14976	00:00:00.312	-30.93		-39.69		-32.49		 21.50
           15264	00:00:00.318	-30.93		-39.69		-32.49		 21.50
           15552	00:00:00.324	-30.93		-39.69		-32.49		 21.50
           15840	00:00:00.330	-30.93		-39.69		-32.49		 21.50
           16128	00:00:00.336	-30.93		-39.69		-32.49		 21.50
           16416	00:00:00.342	-30.93		-39.69		-32.49		 21.50
           16704	00:00:00.348	-30.93		-39.69		-32.49		 21.50
           16992	00:00:00.354	-30.93		-39.69		-32.49		 21.50
           17280	00:00:00.360	-30.93		-39.69		-32.49		 21.50
           17568	00:00:00.366	-30.93		-39.69		-32.49		 21.50
           17856	00:00:00.372	-30.93		-39.69		-32.49		 21.50
           18144	00:00:00.378	-30.93		-39.69		-32.49		 21.50
           18432	00:00:00.384	-30.93		-39.69		-32.49		 21.50
           18720	00:00:00.390	-30.93		-39.69		-32.49		 21.50
           19008	00:00:00.396	-30.93		-39.69		-32.49		 21.50
           19296	00:00:00.402	-30.93		-39.69		-32.49		 21.50
           19584	00:00:00.408	-30.86		-39.61		-32.03		 21.10
           19872	00:00:00.414	-30.86		-39.61		-32.03		 21.10
           20160	00:00:00.420	-30.86		-39.61		-32.03		 21.10
           20448	00:00:00.426	-30.86		-39.61		-32.03		 21.10
           20736	00:00:00.432	-30.86		-39.61		-32.03		 21.10
           21024	00:00:00.438	-30.86		-39.61		-32.03		 21.10
           21312	00:00:00.444	-30.86		-39.61		-32.03		 21.10
           21600	00:00:00.450	-30.86		-39.61		-32.03		 21.10
           21888	00:00:00.456	-30.86		-39.61		-32.03		 21.10
           22176	00:00:00.462	-30.86		-39.61		-32.03		 21.10
           22464	00:00:00.468	-30.86		-39.61		-32.03		 21.10
           22752	00:00:00.474	-30.86		-39.61		-32.03		 21.10
           23040	00:00:00.480	-30.86		-39.61		-32.03		 21.10

              Pos.	     Time	Mom.(LUFS)	Short(LUFS)	Integ.(LUFS)	Dyn.(LU)

           23328	00:00:00.486	-30.86		-39.61		-32.03		 21.10
           23616	00:00:00.492	-30.86		-39.61		-32.03		 21.10
           23904	00:00:00.498	-30.86		-39.61		-32.03		 21.10
           24024	00:00:00.501	-30.86		-39.61		-32.03		 21.10


---------------------------
Results:

Mom. (max): 	-30.86 (LUFS) at 00:00:00.408
Short (max): 	-39.61 (LUFS) at 00:00:00.408
Integrated: 	-32.03 (LUFS)


