Log updated: 	02/03/2016 09:21:00
Media: 		C:\Users\Jeeb\AndroidApps\AndroidWorkPlace\FarsiAlifBa\app\src\main\res\raw\toe.mp3
Log file: 	C:\Users\Jeeb\AndroidApps\AndroidWorkPlace\FarsiAlifBa\app\src\main\res\raw\toe_loud.txt

Stream: 	Audio Stream:Master
Format: 	16-bit PCM data, 2 channels @ 48000 Hz
Algorithm: 	Surround processing turned: OFF

Loudness calculations:

              Pos.	     Time	Mom.(LUFS)	Short(LUFS)	Integ.(LUFS)	Dyn.(LU)

             288	00:00:00.006	-63.27		-72.02		-63.30		  0.00
             576	00:00:00.012	-63.27		-72.02		-63.30		  0.00
             864	00:00:00.018	-63.27		-72.02		-63.30		  0.00
            1152	00:00:00.024	-63.27		-72.02		-63.30		  0.00
            1440	00:00:00.030	-63.27		-72.02		-63.30		  0.00
            1728	00:00:00.036	-63.27		-72.02		-63.30		  0.00
            2016	00:00:00.042	-63.27		-72.02		-63.30		  0.00
            2304	00:00:00.048	-63.27		-72.02		-63.30		  0.00
            2592	00:00:00.054	-63.27		-72.02		-63.30		  0.00
            2880	00:00:00.060	-63.27		-72.02		-63.30		  0.00
            3168	00:00:00.066	-63.27		-72.02		-63.30		  0.00
            3456	00:00:00.072	-63.27		-72.02		-63.30		  0.00
            3744	00:00:00.078	-63.27		-72.02		-63.30		  0.00
            4032	00:00:00.084	-63.27		-72.02		-63.30		  0.00
            4320	00:00:00.090	-63.27		-72.02		-63.30		  0.00
            4608	00:00:00.096	-63.27		-72.02		-63.30		  0.00
            4896	00:00:00.102	-63.27		-72.02		-63.30		  0.00
            5184	00:00:00.108	-40.38		-49.13		-40.40		 19.90
            5472	00:00:00.114	-40.38		-49.13		-40.40		 19.90
            5760	00:00:00.120	-40.38		-49.13		-40.40		 19.90
            6048	00:00:00.126	-40.38		-49.13		-40.40		 19.90
            6336	00:00:00.132	-40.38		-49.13		-40.40		 19.90
            6624	00:00:00.138	-40.38		-49.13		-40.40		 19.90
            6912	00:00:00.144	-40.38		-49.13		-40.40		 19.90
            7200	00:00:00.150	-40.38		-49.13		-40.40		 19.90
            7488	00:00:00.156	-40.38		-49.13		-40.40		 19.90
            7776	00:00:00.162	-40.38		-49.13		-40.40		 19.90
            8064	00:00:00.168	-40.38		-49.13		-40.40		 19.90
            8352	00:00:00.174	-40.38		-49.13		-40.40		 19.90
            8640	00:00:00.180	-40.38		-49.13		-40.40		 19.90
            8928	00:00:00.186	-40.38		-49.13		-40.40		 19.90
            9216	00:00:00.192	-40.38		-49.13		-40.40		 19.90
            9504	00:00:00.198	-40.38		-49.13		-40.40		 19.90
            9792	00:00:00.204	-40.38		-49.13		-40.40		 19.90
           10080	00:00:00.210	-28.18		-36.93		-30.96		 22.70
           10368	00:00:00.216	-28.18		-36.93		-30.96		 22.70
           10656	00:00:00.222	-28.18		-36.93		-30.96		 22.70
           10944	00:00:00.228	-28.18		-36.93		-30.96		 22.70
           11232	00:00:00.234	-28.18		-36.93		-30.96		 22.70
           11520	00:00:00.240	-28.18		-36.93		-30.96		 22.70

              Pos.	     Time	Mom.(LUFS)	Short(LUFS)	Integ.(LUFS)	Dyn.(LU)

           11808	00:00:00.246	-28.18		-36.93		-30.96		 22.70
           12096	00:00:00.252	-28.18		-36.93		-30.96		 22.70
           12384	00:00:00.258	-28.18		-36.93		-30.96		 22.70
           12672	00:00:00.264	-28.18		-36.93		-30.96		 22.70
           12960	00:00:00.270	-28.18		-36.93		-30.96		 22.70
           13248	00:00:00.276	-28.18		-36.93		-30.96		 22.70
           13536	00:00:00.282	-28.18		-36.93		-30.96		 22.70
           13824	00:00:00.288	-28.18		-36.93		-30.96		 22.70
           14112	00:00:00.294	-28.18		-36.93		-30.96		 22.70
           14400	00:00:00.300	-28.18		-36.93		-30.96		 22.70
           14688	00:00:00.306	-24.29		-33.04		-25.83		 23.10
           14976	00:00:00.312	-24.29		-33.04		-25.83		 23.10
           15264	00:00:00.318	-24.29		-33.04		-25.83		 23.10
           15552	00:00:00.324	-24.29		-33.04		-25.83		 23.10
           15840	00:00:00.330	-24.29		-33.04		-25.83		 23.10
           16128	00:00:00.336	-24.29		-33.04		-25.83		 23.10
           16416	00:00:00.342	-24.29		-33.04		-25.83		 23.10
           16704	00:00:00.348	-24.29		-33.04		-25.83		 23.10
           16992	00:00:00.354	-24.29		-33.04		-25.83		 23.10
           17280	00:00:00.360	-24.29		-33.04		-25.83		 23.10
           17568	00:00:00.366	-24.29		-33.04		-25.83		 23.10
           17856	00:00:00.372	-24.29		-33.04		-25.83		 23.10
           18144	00:00:00.378	-24.29		-33.04		-25.83		 23.10
           18432	00:00:00.384	-24.29		-33.04		-25.83		 23.10
           18720	00:00:00.390	-24.29		-33.04		-25.83		 23.10
           19008	00:00:00.396	-24.29		-33.04		-25.83		 23.10
           19296	00:00:00.402	-24.29		-33.04		-25.83		 23.10
           19584	00:00:00.408	-22.62		-31.37		-24.47		 22.90
           19872	00:00:00.414	-22.62		-31.37		-24.47		 22.90
           20160	00:00:00.420	-22.62		-31.37		-24.47		 22.90
           20448	00:00:00.426	-22.62		-31.37		-24.47		 22.90
           20736	00:00:00.432	-22.62		-31.37		-24.47		 22.90
           21024	00:00:00.438	-22.62		-31.37		-24.47		 22.90
           21312	00:00:00.444	-22.62		-31.37		-24.47		 22.90
           21600	00:00:00.450	-22.62		-31.37		-24.47		 22.90
           21888	00:00:00.456	-22.62		-31.37		-24.47		 22.90
           22176	00:00:00.462	-22.62		-31.37		-24.47		 22.90
           22464	00:00:00.468	-22.62		-31.37		-24.47		 22.90
           22752	00:00:00.474	-22.62		-31.37		-24.47		 22.90
           23040	00:00:00.480	-22.62		-31.37		-24.47		 22.90

              Pos.	     Time	Mom.(LUFS)	Short(LUFS)	Integ.(LUFS)	Dyn.(LU)

           23328	00:00:00.486	-22.62		-31.37		-24.47		 22.90
           23616	00:00:00.492	-22.62		-31.37		-24.47		 22.90
           23904	00:00:00.498	-22.62		-31.37		-24.47		 22.90
           24192	00:00:00.504	-22.62		-31.37		-24.47		 22.90
           24480	00:00:00.510	-22.60		-31.28		-23.92		 17.80
           24768	00:00:00.516	-22.60		-31.28		-23.92		 17.80
           25056	00:00:00.522	-22.60		-31.28		-23.92		 17.80
           25344	00:00:00.528	-22.60		-31.28		-23.92		 17.80
           25626	00:00:00.534	-22.60		-31.28		-23.92		 17.80


---------------------------
Results:

Mom. (max): 	-22.60 (LUFS) at 00:00:00.510
Short (max): 	-31.28 (LUFS) at 00:00:00.510
Integrated: 	-23.92 (LUFS)


