Log updated: 	02/03/2016 09:21:26
Media: 		C:\Users\Jeeb\AndroidApps\AndroidWorkPlace\FarsiAlifBa\app\src\main\res\raw\zoe.mp3
Log file: 	C:\Users\Jeeb\AndroidApps\AndroidWorkPlace\FarsiAlifBa\app\src\main\res\raw\zoe_loud.txt

Stream: 	Audio Stream:Master
Format: 	16-bit PCM data, 2 channels @ 48000 Hz
Algorithm: 	Surround processing turned: OFF

Loudness calculations:

              Pos.	     Time	Mom.(LUFS)	Short(LUFS)	Integ.(LUFS)	Dyn.(LU)

             288	00:00:00.006	-65.44		-74.19		-65.40		  0.00
             576	00:00:00.012	-65.44		-74.19		-65.40		  0.00
             864	00:00:00.018	-65.44		-74.19		-65.40		  0.00
            1152	00:00:00.024	-65.44		-74.19		-65.40		  0.00
            1440	00:00:00.030	-65.44		-74.19		-65.40		  0.00
            1728	00:00:00.036	-65.44		-74.19		-65.40		  0.00
            2016	00:00:00.042	-65.44		-74.19		-65.40		  0.00
            2304	00:00:00.048	-65.44		-74.19		-65.40		  0.00
            2592	00:00:00.054	-65.44		-74.19		-65.40		  0.00
            2880	00:00:00.060	-65.44		-74.19		-65.40		  0.00
            3168	00:00:00.066	-65.44		-74.19		-65.40		  0.00
            3456	00:00:00.072	-65.44		-74.19		-65.40		  0.00
            3744	00:00:00.078	-65.44		-74.19		-65.40		  0.00
            4032	00:00:00.084	-65.44		-74.19		-65.40		  0.00
            4320	00:00:00.090	-65.44		-74.19		-65.40		  0.00
            4608	00:00:00.096	-65.44		-74.19		-65.40		  0.00
            4896	00:00:00.102	-65.44		-74.19		-65.40		  0.00
            5184	00:00:00.108	-30.80		-39.55		-30.80		 19.90
            5472	00:00:00.114	-30.80		-39.55		-30.80		 19.90
            5760	00:00:00.120	-30.80		-39.55		-30.80		 19.90
            6048	00:00:00.126	-30.80		-39.55		-30.80		 19.90
            6336	00:00:00.132	-30.80		-39.55		-30.80		 19.90
            6624	00:00:00.138	-30.80		-39.55		-30.80		 19.90
            6912	00:00:00.144	-30.80		-39.55		-30.80		 19.90
            7200	00:00:00.150	-30.80		-39.55		-30.80		 19.90
            7488	00:00:00.156	-30.80		-39.55		-30.80		 19.90
            7776	00:00:00.162	-30.80		-39.55		-30.80		 19.90
            8064	00:00:00.168	-30.80		-39.55		-30.80		 19.90
            8352	00:00:00.174	-30.80		-39.55		-30.80		 19.90
            8640	00:00:00.180	-30.80		-39.55		-30.80		 19.90
            8928	00:00:00.186	-30.80		-39.55		-30.80		 19.90
            9216	00:00:00.192	-30.80		-39.55		-30.80		 19.90
            9504	00:00:00.198	-30.80		-39.55		-30.80		 19.90
            9792	00:00:00.204	-30.80		-39.55		-30.80		 19.90
           10080	00:00:00.210	-26.50		-35.25		-28.14		 21.50
           10368	00:00:00.216	-26.50		-35.25		-28.14		 21.50
           10656	00:00:00.222	-26.50		-35.25		-28.14		 21.50
           10944	00:00:00.228	-26.50		-35.25		-28.14		 21.50
           11232	00:00:00.234	-26.50		-35.25		-28.14		 21.50
           11520	00:00:00.240	-26.50		-35.25		-28.14		 21.50

              Pos.	     Time	Mom.(LUFS)	Short(LUFS)	Integ.(LUFS)	Dyn.(LU)

           11808	00:00:00.246	-26.50		-35.25		-28.14		 21.50
           12096	00:00:00.252	-26.50		-35.25		-28.14		 21.50
           12384	00:00:00.258	-26.50		-35.25		-28.14		 21.50
           12672	00:00:00.264	-26.50		-35.25		-28.14		 21.50
           12960	00:00:00.270	-26.50		-35.25		-28.14		 21.50
           13248	00:00:00.276	-26.50		-35.25		-28.14		 21.50
           13536	00:00:00.282	-26.50		-35.25		-28.14		 21.50
           13824	00:00:00.288	-26.50		-35.25		-28.14		 21.50
           14112	00:00:00.294	-26.50		-35.25		-28.14		 21.50
           14400	00:00:00.300	-26.50		-35.25		-28.14		 21.50
           14688	00:00:00.306	-25.71		-34.46		-27.17		 21.40
           14976	00:00:00.312	-25.71		-34.46		-27.17		 21.40
           15264	00:00:00.318	-25.71		-34.46		-27.17		 21.40
           15552	00:00:00.324	-25.71		-34.46		-27.17		 21.40
           15840	00:00:00.330	-25.71		-34.46		-27.17		 21.40
           16128	00:00:00.336	-25.71		-34.46		-27.17		 21.40
           16416	00:00:00.342	-25.71		-34.46		-27.17		 21.40
           16704	00:00:00.348	-25.71		-34.46		-27.17		 21.40
           16992	00:00:00.354	-25.71		-34.46		-27.17		 21.40
           17280	00:00:00.360	-25.71		-34.46		-27.17		 21.40
           17568	00:00:00.366	-25.71		-34.46		-27.17		 21.40
           17856	00:00:00.372	-25.71		-34.46		-27.17		 21.40
           18144	00:00:00.378	-25.71		-34.46		-27.17		 21.40
           18432	00:00:00.384	-25.71		-34.46		-27.17		 21.40
           18720	00:00:00.390	-25.71		-34.46		-27.17		 21.40
           19008	00:00:00.396	-25.71		-34.46		-27.17		 21.40
           19296	00:00:00.402	-25.71		-34.46		-27.17		 21.40
           19584	00:00:00.408	-25.61		-34.36		-26.72		 21.00
           19872	00:00:00.414	-25.61		-34.36		-26.72		 21.00
           20160	00:00:00.420	-25.61		-34.36		-26.72		 21.00
           20448	00:00:00.426	-25.61		-34.36		-26.72		 21.00
           20736	00:00:00.432	-25.61		-34.36		-26.72		 21.00
           21024	00:00:00.438	-25.61		-34.36		-26.72		 21.00
           21312	00:00:00.444	-25.61		-34.36		-26.72		 21.00
           21600	00:00:00.450	-25.61		-34.36		-26.72		 21.00
           21888	00:00:00.456	-25.61		-34.36		-26.72		 21.00
           22176	00:00:00.462	-25.61		-34.36		-26.72		 21.00
           22422	00:00:00.467	-25.61		-34.36		-26.72		 21.00


---------------------------
Results:

Mom. (max): 	-25.61 (LUFS) at 00:00:00.408
Short (max): 	-34.36 (LUFS) at 00:00:00.408
Integrated: 	-26.72 (LUFS)


