Log updated: 	02/03/2016 09:15:12
Media: 		C:\Users\Jeeb\AndroidApps\AndroidWorkPlace\FarsiAlifBa\app\src\main\res\raw\zol.mp3
Log file: 	C:\Users\Jeeb\AndroidApps\AndroidWorkPlace\FarsiAlifBa\app\src\main\res\raw\zol_loud.txt

Stream: 	Audio Stream:Master
Format: 	16-bit PCM data, 2 channels @ 48000 Hz
Algorithm: 	Surround processing turned: OFF

Loudness calculations:

              Pos.	     Time	Mom.(LUFS)	Short(LUFS)	Integ.(LUFS)	Dyn.(LU)

             288	00:00:00.006	-67.96		-76.71		-68.00		  0.00
             576	00:00:00.012	-67.96		-76.71		-68.00		  0.00
             864	00:00:00.018	-67.96		-76.71		-68.00		  0.00
            1152	00:00:00.024	-67.96		-76.71		-68.00		  0.00
            1440	00:00:00.030	-67.96		-76.71		-68.00		  0.00
            1728	00:00:00.036	-67.96		-76.71		-68.00		  0.00
            2016	00:00:00.042	-67.96		-76.71		-68.00		  0.00
            2304	00:00:00.048	-67.96		-76.71		-68.00		  0.00
            2592	00:00:00.054	-67.96		-76.71		-68.00		  0.00
            2880	00:00:00.060	-67.96		-76.71		-68.00		  0.00
            3168	00:00:00.066	-67.96		-76.71		-68.00		  0.00
            3456	00:00:00.072	-67.96		-76.71		-68.00		  0.00
            3744	00:00:00.078	-67.96		-76.71		-68.00		  0.00
            4032	00:00:00.084	-67.96		-76.71		-68.00		  0.00
            4320	00:00:00.090	-67.96		-76.71		-68.00		  0.00
            4608	00:00:00.096	-67.96		-76.71		-68.00		  0.00
            4896	00:00:00.102	-67.96		-76.71		-68.00		  0.00
            5184	00:00:00.108	-19.23		-27.98		-19.20		 19.90
            5472	00:00:00.114	-19.23		-27.98		-19.20		 19.90
            5760	00:00:00.120	-19.23		-27.98		-19.20		 19.90
            6048	00:00:00.126	-19.23		-27.98		-19.20		 19.90
            6336	00:00:00.132	-19.23		-27.98		-19.20		 19.90
            6624	00:00:00.138	-19.23		-27.98		-19.20		 19.90
            6912	00:00:00.144	-19.23		-27.98		-19.20		 19.90
            7200	00:00:00.150	-19.23		-27.98		-19.20		 19.90
            7488	00:00:00.156	-19.23		-27.98		-19.20		 19.90
            7776	00:00:00.162	-19.23		-27.98		-19.20		 19.90
            8064	00:00:00.168	-19.23		-27.98		-19.20		 19.90
            8352	00:00:00.174	-19.23		-27.98		-19.20		 19.90
            8640	00:00:00.180	-19.23		-27.98		-19.20		 19.90
            8928	00:00:00.186	-19.23		-27.98		-19.20		 19.90
            9216	00:00:00.192	-19.23		-27.98		-19.20		 19.90
            9504	00:00:00.198	-19.23		-27.98		-19.20		 19.90
            9792	00:00:00.204	-19.23		-27.98		-19.20		 19.90
           10080	00:00:00.210	 -8.27		-17.02		-10.97		 22.60
           10368	00:00:00.216	 -8.27		-17.02		-10.97		 22.60
           10656	00:00:00.222	 -8.27		-17.02		-10.97		 22.60
           10944	00:00:00.228	 -8.27		-17.02		-10.97		 22.60
           11232	00:00:00.234	 -8.27		-17.02		-10.97		 22.60
           11520	00:00:00.240	 -8.27		-17.02		-10.97		 22.60

              Pos.	     Time	Mom.(LUFS)	Short(LUFS)	Integ.(LUFS)	Dyn.(LU)

           11808	00:00:00.246	 -8.27		-17.02		-10.97		 22.60
           12096	00:00:00.252	 -8.27		-17.02		-10.97		 22.60
           12384	00:00:00.258	 -8.27		-17.02		-10.97		 22.60
           12672	00:00:00.264	 -8.27		-17.02		-10.97		 22.60
           12960	00:00:00.270	 -8.27		-17.02		-10.97		 22.60
           13248	00:00:00.276	 -8.27		-17.02		-10.97		 22.60
           13536	00:00:00.282	 -8.27		-17.02		-10.97		 22.60
           13824	00:00:00.288	 -8.27		-17.02		-10.97		 22.60
           14112	00:00:00.294	 -8.27		-17.02		-10.97		 22.60
           14400	00:00:00.300	 -8.27		-17.02		-10.97		 22.60
           14688	00:00:00.306	 -4.53		-13.28		 -6.00		 23.00
           14976	00:00:00.312	 -4.53		-13.28		 -6.00		 23.00
           15264	00:00:00.318	 -4.53		-13.28		 -6.00		 23.00
           15552	00:00:00.324	 -4.53		-13.28		 -6.00		 23.00
           15840	00:00:00.330	 -4.53		-13.28		 -6.00		 23.00
           16128	00:00:00.336	 -4.53		-13.28		 -6.00		 23.00
           16416	00:00:00.342	 -4.53		-13.28		 -6.00		 23.00
           16704	00:00:00.348	 -4.53		-13.28		 -6.00		 23.00
           16992	00:00:00.354	 -4.53		-13.28		 -6.00		 23.00
           17280	00:00:00.360	 -4.53		-13.28		 -6.00		 23.00
           17568	00:00:00.366	 -4.53		-13.28		 -6.00		 23.00
           17856	00:00:00.372	 -4.53		-13.28		 -6.00		 23.00
           18144	00:00:00.378	 -4.53		-13.28		 -6.00		 23.00
           18432	00:00:00.384	 -4.53		-13.28		 -6.00		 23.00
           18720	00:00:00.390	 -4.53		-13.28		 -6.00		 23.00
           19008	00:00:00.396	 -4.53		-13.28		 -6.00		 23.00
           19296	00:00:00.402	 -4.53		-13.28		 -6.00		 23.00
           19584	00:00:00.408	 -3.91		-12.66		 -5.18		 22.40
           19872	00:00:00.414	 -3.91		-12.66		 -5.18		 22.40
           20160	00:00:00.420	 -3.91		-12.66		 -5.18		 22.40
           20448	00:00:00.426	 -3.91		-12.66		 -5.18		 22.40
           20736	00:00:00.432	 -3.91		-12.66		 -5.18		 22.40
           21024	00:00:00.438	 -3.91		-12.66		 -5.18		 22.40
           21312	00:00:00.444	 -3.91		-12.66		 -5.18		 22.40
           21600	00:00:00.450	 -3.91		-12.66		 -5.18		 22.40
           21888	00:00:00.456	 -3.91		-12.66		 -5.18		 22.40
           22176	00:00:00.462	 -3.91		-12.66		 -5.18		 22.40
           22464	00:00:00.468	 -3.91		-12.66		 -5.18		 22.40
           22752	00:00:00.474	 -3.91		-12.66		 -5.18		 22.40
           23040	00:00:00.480	 -3.91		-12.66		 -5.18		 22.40

              Pos.	     Time	Mom.(LUFS)	Short(LUFS)	Integ.(LUFS)	Dyn.(LU)

           23328	00:00:00.486	 -3.91		-12.66		 -5.18		 22.40
           23616	00:00:00.492	 -3.91		-12.66		 -5.18		 22.40
           23904	00:00:00.498	 -3.91		-12.66		 -5.18		 22.40
           24192	00:00:00.504	 -3.91		-12.66		 -5.18		 22.40
           24480	00:00:00.510	 -3.98		-12.60		 -4.85		 15.40
           24768	00:00:00.516	 -3.98		-12.60		 -4.85		 15.40
           25056	00:00:00.522	 -3.98		-12.60		 -4.85		 15.40
           25344	00:00:00.528	 -3.98		-12.60		 -4.85		 15.40
           25632	00:00:00.534	 -3.98		-12.60		 -4.85		 15.40
           25920	00:00:00.540	 -3.98		-12.60		 -4.85		 15.40
           26208	00:00:00.546	 -3.98		-12.60		 -4.85		 15.40
           26496	00:00:00.552	 -3.98		-12.60		 -4.85		 15.40
           26784	00:00:00.558	 -3.98		-12.60		 -4.85		 15.40
           27072	00:00:00.564	 -3.98		-12.60		 -4.85		 15.40
           27227	00:00:00.567	 -3.98		-12.60		 -4.85		 15.40


---------------------------
Results:

Mom. (max): 	 -3.91 (LUFS) at 00:00:00.408
Short (max): 	-12.60 (LUFS) at 00:00:00.510
Integrated: 	 -4.85 (LUFS)


